Prediction
Mildly Obese
Moderately Obese
Mildly Obese
Moderately Obese
Mildly Obese
Mildly Obese
Moderately Obese
Not Obese
Not Obese
Not Obese
Mildly Obese
Mildly Obese
Moderately Obese
Not Obese
Mildly Obese
Mildly Obese
Mildly Obese
Moderately Obese
Mildly Obese
Moderately Obese
Mildly Obese
Moderately Obese
Not Obese
Mildly Obese
Mildly Obese
Mildly Obese
Not Obese
Not Obese
Moderately Obese
Not Obese
Mildly Obese
Mildly Obese
Mildly Obese
Not Obese
Mildly Obese
Mildly Obese
Mildly Obese
Mildly Obese
Mildly Obese
Mildly Obese
Not Obese
Mildly Obese
Not Obese
Mildly Obese
Moderately Obese
Mildly Obese
Not Obese
Moderately Obese
Mildly Obese
Moderately Obese
Mildly Obese
Mildly Obese
Not Obese
Moderately Obese
Mildly Obese
Moderately Obese
Moderately Obese
Mildly Obese
Moderately Obese
Mildly Obese
Mildly Obese
Mildly Obese
Not Obese
Moderately Obese
Mildly Obese
Mildly Obese
Mildly Obese
Mildly Obese
Moderately Obese
Mildly Obese
Not Obese
Mildly Obese
Mildly Obese
Moderately Obese
Not Obese
Mildly Obese
Mildly Obese
Moderately Obese
Not Obese
Moderately Obese
Mildly Obese
Mildly Obese
Mildly Obese
Moderately Obese
Moderately Obese
Mildly Obese
Moderately Obese
Not Obese
Moderately Obese
Mildly Obese
Mildly Obese
Moderately Obese
Moderately Obese
Moderately Obese
Mildly Obese
Mildly Obese
Moderately Obese
Mildly Obese
Mildly Obese
Mildly Obese
Moderately Obese
Moderately Obese
Mildly Obese
Mildly Obese
Mildly Obese
Moderately Obese
Moderately Obese
Moderately Obese
Mildly Obese
Not Obese
Mildly Obese
Not Obese
Moderately Obese
Mildly Obese
Moderately Obese
Not Obese
Mildly Obese
Moderately Obese
Moderately Obese
